    50 42
   100 92
   150 143
   200 191
   250 244
   300 297
   350 347
   400 399
   450 446
   500 496
   550 549
   600 601
   650 652
   700 708
   750 752
   800 809
   850 849
   900 909
   950 957
  1000 1005
  1050 1060
  1100 1108
  1150 1159
  1200 1203
  1250 1266
  1300 1315
  1350 1354
  1400 1409
  1450 1459
  1500 1510
  1550 1561
  1600 1612
  1650 1668
  1700 1719
  1750 1770
  1800 1810
  1850 1877
  1900 1919
  1950 1970
  2000 2024
  2050 2078
  2100 2118
  2150 2188
  2200 2226
  2250 2280
  2300 2315
  2350 2374
  2400 2438
  2450 2477
  2500 2546
  2550 2585
  2600 2623
  2650 2691
  2700 2738
  2750 2786
  2800 2846
  2850 2891
  2900 2932
  2950 2994
  3000 3038
  3050 3090
  3100 3136
  3150 3187
  3200 3240
  3250 3304
  3300 3355
  3350 3399
  3400 3452
  3450 3498
  3500 3552
  3550 3606
  3600 3647
  3650 3705
  3700 3741
  3750 3799
  3800 3854
  3850 3913
  3900 3961
  3950 4007
  4000 4059
  4050 4100
  4100 4144
  4150 4206
  4200 4278
  4250 4306
  4300 4376
  4350 4419
  4400 4450
  4450 4516
  4500 4557
  4550 4608
  4600 4675
  4650 4724
  4700 4777
  4750 4832
  4800 4881
  4850 4922
  4900 4963
  4950 5035
  5000 5083
  5050 5133
  5100 5167
  5150 5228
  5200 5264
  5250 5321
  5300 5366
  5350 5438
  5400 5480
  5450 5516
  5500 5589
  5550 5640
  5600 5688
  5650 5737
  5700 5785
  5750 5825
  5800 5867
  5850 5932
  5900 5988
  5950 6047
  6000 6100
  6050 6128
  6100 6212
  6150 6247
  6200 6289
  6250 6323
  6300 6391
  6350 6433
  6400 6497
  6450 6546
  6500 6613
  6550 6643
  6600 6689
  6650 6744
  6700 6820
  6750 6851
  6800 6895
  6850 6949
  6900 7005
  6950 7054
  7000 7120
  7050 7155
  7100 7207
  7150 7251
  7200 7307
  7250 7339
  7300 7404
  7350 7470
  7400 7498
  7450 7564
  7500 7602
  7550 7663
  7600 7691
  7650 7760
  7700 7809
  7750 7876
  7800 7913
  7850 7971
  7900 8033
  7950 8080
  8000 8114
  8050 8189
  8100 8233
  8150 8286
  8200 8325
  8250 8378
  8300 8441
  8350 8500
  8400 8536
  8450 8587
  8500 8625
  8550 8701
  8600 8746
  8650 8760
  8700 8828
  8750 8878
  8800 8940
  8850 8979
  8900 9050
  8950 9083
  9000 9129
  9050 9190
  9100 9236
  9150 9297
  9200 9357
  9250 9392
  9300 9447
  9350 9487
  9400 9542
  9450 9597
  9500 9642
  9550 9702
  9600 9738
  9650 9788
  9700 9849
  9750 9895
  9800 9940
  9850 10011
  9900 10057
  9950 10118
 10000 10159
 10050 10206
 10100 10245
 10150 10295
 10200 10355
 10250 10425
 10300 10446
 10350 10497
 10400 10559
 10450 10617
 10500 10644
 10550 10712
 10600 10761
 10650 10828
 10700 10858
 10750 10909
 10800 10986
 10850 10994
 10900 11062
 10950 11131
 11000 11158
 11050 11231
 11100 11299
 11150 11324
 11200 11410
 11250 11413
 11300 11500
 11350 11501
 11400 11564
 11450 11646
 11500 11683
 11550 11711
 11600 11770
 11650 11818
 11700 11871
 11750 11916
 11800 12007
 11850 12030
 11900 12098
 11950 12134
 12000 12189
 12050 12234
 12100 12266
 12150 12339
 12200 12394
 12250 12430
 12300 12490
 12350 12556
 12400 12602
 12450 12659
 12500 12686
 12550 12725
 12600 12803
 12650 12867
 12700 12921
 12750 12952
 12800 13005
 12850 13029
 12900 13112
 12950 13145
 13000 13211
 13050 13260
 13100 13304
 13150 13356
 13200 13413
 13250 13451
 13300 13509
 13350 13545
 13400 13619
 13450 13661
 13500 13687
 13550 13763
 13600 13808
 13650 13851
 13700 13941
 13750 13983
 13800 14018
 13850 14087
 13900 14126
 13950 14164
 14000 14224
 14050 14297
 14100 14289
 14150 14364
 14200 14431
 14250 14477
 14300 14530
 14350 14555
 14400 14628
 14450 14705
 14500 14721
 14550 14766
 14600 14844
 14650 14878
 14700 14947
 14750 14994
 14800 15037
 14850 15064
 14900 15139
 14950 15186
 15000 15235
 15050 15304
 15100 15309
 15150 15387
 15200 15429
 15250 15499
 15300 15550
 15350 15581
 15400 15636
 15450 15712
 15500 15766
 15550 15796
 15600 15851
 15650 15915
 15700 15966
 15750 15989
 15800 16036
 15850 16134
 15900 16181
 15950 16205
 16000 16265
 16050 16326
 16100 16329
 16150 16435
 16200 16459
 16250 16511
 16300 16560
 16350 16599
 16400 16663
 16450 16724
 16500 16755
 16550 16859
 16600 16867
 16650 16928
 16700 16988
 16750 17027
 16800 17059
 16850 17095
 16900 17193
 16950 17234
 17000 17303
 17050 17362
 17100 17346
 17150 17421
 17200 17443
 17250 17529
 17300 17552
 17350 17622
 17400 17665
 17450 17700
 17500 17801
 17550 17814
 17600 17891
 17650 17911
 17700 17982
 17750 18034
 17800 18070
 17850 18120
 17900 18199
 17950 18219
 18000 18259
 18050 18310
 18100 18410
 18150 18452
 18200 18500
 18250 18492
 18300 18596
 18350 18629
 18400 18700
 18450 18746
 18500 18783
 18550 18868
 18600 18862
 18650 18943
 18700 19007
 18750 19033
 18800 19108
 18850 19150
 18900 19220
 18950 19256
 19000 19261
 19050 19313
 19100 19400
 19150 19470
 19200 19518
 19250 19562
 19300 19624
 19350 19672
 19400 19725
 19450 19744
 19500 19802
 19550 19883
 19600 19923
 19650 19969
 19700 20021
 19750 20038
 19800 20133
 19850 20165
 19900 20212
 19950 20265
 20000 20303
 20050 20363
 20100 20417
 20150 20474
 20200 20556
 20250 20598
 20300 20650
 20350 20676
 20400 20698
 20450 20768
 20500 20830
 20550 20836
 20600 20901
 20650 20959
 20700 21026
 20750 21073
 20800 21118
 20850 21181
 20900 21254
 20950 21255
 21000 21354
 21050 21373
 21100 21397
 21150 21470
 21200 21542
 21250 21591
 21300 21659
 21350 21683
 21400 21739
 21450 21780
 21500 21868
 21550 21877
 21600 21941
 21650 22001
 21700 22061
 21750 22100
 21800 22146
 21850 22186
 21900 22208
 21950 22296
 22000 22347
 22050 22390
 22100 22447
 22150 22492
 22200 22556
 22250 22603
 22300 22684
 22350 22710
 22400 22764
 22450 22806
 22500 22865
 22550 22916
 22600 22945
 22650 23003
 22700 23061
 22750 23110
 22800 23160
 22850 23233
 22900 23231
 22950 23312
 23000 23366
 23050 23417
 23100 23458
 23150 23525
 23200 23596
 23250 23636
 23300 23693
 23350 23692
 23400 23764
 23450 23813
 23500 23905
 23550 23951
 23600 24000
 23650 24004
 23700 24068
 23750 24168
 23800 24211
 23850 24240
 23900 24285
 23950 24317
 24000 24392
 24050 24430
 24100 24470
 24150 24553
 24200 24570
 24250 24643
 24300 24717
 24350 24762
 24400 24763
 24450 24891
 24500 24887
 24550 24974
 24600 24990
 24650 25053
 24700 25127
 24750 25146
 24800 25217
 24850 25230
 24900 25315
 24950 25358
 25000 25417
 25050 25462
 25100 25506
 25150 25559
 25200 25607
 25250 25662
 25300 25688
 25350 25797
 25400 25795
 25450 25841
 25500 25897
 25550 25921
 25600 26054
 25650 26049
 25700 26114
 25750 26154
 25800 26221
 25850 26249
 25900 26324
 25950 26366
 26000 26402
 26050 26481
 26100 26539
 26150 26564
 26200 26585
 26250 26719
 26300 26709
 26350 26777
 26400 26805
 26450 26888
 26500 26872
 26550 26957
 26600 27059
 26650 27071
 26700 27130
 26750 27148
 26800 27261
 26850 27269
 26900 27370
 26950 27359
 27000 27431
 27050 27471
 27100 27547
 27150 27590
 27200 27685
 27250 27726
 27300 27782
 27350 27754
 27400 27835
 27450 27868
 27500 27943
 27550 27985
 27600 28027
 27650 28091
 27700 28171
 27750 28169
 27800 28243
 27850 28336
 27900 28335
 27950 28379
 28000 28434
 28050 28468
 28100 28573
 28150 28589
 28200 28643
 28250 28746
 28300 28793
 28350 28762
 28400 28825
 28450 28899
 28500 28950
 28550 29006
 28600 29043
 28650 29128
 28700 29144
 28750 29202
 28800 29266
 28850 29328
 28900 29361
 28950 29425
 29000 29453
 29050 29550
 29100 29556
 29150 29630
 29200 29712
 29250 29692
 29300 29794
 29350 29836
 29400 29868
 29450 29897
 29500 29949
 29550 30038
 29600 30076
 29650 30133
 29700 30181
 29750 30250
 29800 30287
 29850 30356
 29900 30362
 29950 30377
 30000 30480
 30050 30524
 30100 30580
 30150 30641
 30200 30694
 30250 30730
 30300 30786
 30350 30834
 30400 30918
 30450 30986
 30500 30976
 30550 31047
 30600 31113
 30650 31157
 30700 31212
 30750 31262
 30800 31257
 30850 31381
 30900 31336
 30950 31434
 31000 31525
 31050 31583
 31100 31583
 31150 31652
 31200 31733
 31250 31718
 31300 31814
 31350 31847
 31400 31934
 31450 31972
 31500 32014
 31550 32071
 31600 32130
 31650 32201
 31700 32233
 31750 32263
 31800 32294
 31850 32361
 31900 32420
 31950 32433
 32000 32577
 32050 32552
 32100 32587
 32150 32676
 32200 32695
 32250 32728
 32300 32854
 32350 32842
 32400 32965
 32450 32980
 32500 33060
 32550 33069
 32600 33100
 32650 33166
 32700 33226
 32750 33278
 32800 33324
 32850 33350
 32900 33433
 32950 33459
 33000 33559
 33050 33600
 33100 33618
 33150 33702
 33200 33766
 33250 33793
 33300 33876
 33350 33862
 33400 33921
 33450 33961
 33500 34062
 33550 34095
 33600 34161
 33650 34139
 33700 34239
 33750 34259
 33800 34365
 33850 34440
 33900 34470
 33950 34503
 34000 34524
 34050 34645
 34100 34620
 34150 34694
 34200 34707
 34250 34847
 34300 34832
 34350 34924
 34400 34948
 34450 34998
 34500 35088
 34550 35135
 34600 35139
 34650 35193
 34700 35242
 34750 35316
 34800 35317
 34850 35394
 34900 35466
 34950 35505
 35000 35554
 35050 35595
 35100 35661
 35150 35721
 35200 35792
 35250 35810
 35300 35857
 35350 35921
 35400 35984
 35450 36019
 35500 36063
 35550 36135
 35600 36191
 35650 36212
 35700 36299
 35750 36336
 35800 36370
 35850 36368
 35900 36466
 35950 36552
 36000 36635
 36050 36623
 36100 36669
 36150 36718
 36200 36768
 36250 36847
 36300 36887
 36350 36953
 36400 36987
 36450 37061
 36500 37111
 36550 37123
 36600 37151
 36650 37262
 36700 37281
 36750 37302
 36800 37393
 36850 37441
 36900 37501
 36950 37516
 37000 37553
 37050 37646
 37100 37682
 37150 37755
 37200 37766
 37250 37861
 37300 37875
 37350 37961
 37400 37995
 37450 38036
 37500 38131
 37550 38167
 37600 38216
 37650 38237
 37700 38339
 37750 38347
 37800 38396
 37850 38514
 37900 38546
 37950 38552
 38000 38635
 38050 38642
 38100 38705
 38150 38745
 38200 38832
 38250 38880
 38300 38945
 38350 38988
 38400 39056
 38450 39083
 38500 39100
 38550 39161
 38600 39264
 38650 39247
 38700 39355
 38750 39384
 38800 39442
 38850 39474
 38900 39516
 38950 39574
 39000 39638
 39050 39641
 39100 39712
 39150 39807
 39200 39845
 39250 39899
 39300 39884
 39350 39995
 39400 40042
 39450 40122
 39500 40127
 39550 40166
 39600 40214
 39650 40256
 39700 40309
 39750 40443
 39800 40455
 39850 40537
 39900 40542
 39950 40606
 40000 40625
 40050 40762
 40100 40724
 40150 40784
 40200 40830
 40250 40845
 40300 40932
 40350 40971
 40400 41039
 40450 41121
 40500 41144
 40550 41172
 40600 41278
 40650 41320
 40700 41378
 40750 41404
 40800 41507
 40850 41515
 40900 41552
 40950 41612
 41000 41645
 41050 41744
 41100 41702
 41150 41852
 41200 41885
 41250 41946
 41300 41958
 41350 42009
 41400 42046
 41450 42169
 41500 42149
 41550 42230
 41600 42266
 41650 42352
 41700 42370
 41750 42453
 41800 42460
 41850 42553
 41900 42512
 41950 42643
 42000 42676
 42050 42696
 42100 42790
 42150 42858
 42200 42896
 42250 42948
 42300 42995
 42350 43051
 42400 43071
 42450 43098
 42500 43217
 42550 43240
 42600 43312
 42650 43338
 42700 43446
 42750 43413
 42800 43473
 42850 43516
 42900 43601
 42950 43620
 43000 43689
 43050 43703
 43100 43787
 43150 43833
 43200 43940
 43250 43945
 43300 44008
 43350 44066
 43400 44065
 43450 44145
 43500 44235
 43550 44282
 43600 44303
 43650 44370
 43700 44412
 43750 44485
 43800 44496
 43850 44589
 43900 44604
 43950 44691
 44000 44721
 44050 44777
 44100 44801
 44150 44874
 44200 44887
 44250 44958
 44300 45002
 44350 45032
 44400 45134
 44450 45185
 44500 45201
 44550 45275
 44600 45310
 44650 45315
 44700 45421
 44750 45481
 44800 45546
 44850 45569
 44900 45620
 44950 45646
 45000 45745
 45050 45753
 45100 45800
 45150 45846
 45200 45956
 45250 45959
 45300 45993
 45350 46111
 45400 46153
 45450 46191
 45500 46233
 45550 46266
 45600 46317
 45650 46388
 45700 46461
 45750 46498
 45800 46505
 45850 46572
 45900 46630
 45950 46706
 46000 46751
 46050 46773
 46100 46855
 46150 46911
 46200 46984
 46250 47064
 46300 47058
 46350 47084
 46400 47119
 46450 47252
 46500 47267
 46550 47284
 46600 47363
 46650 47400
 46700 47529
 46750 47507
 46800 47515
 46850 47628
 46900 47662
 46950 47724
 47000 47758
 47050 47795
 47100 47833
 47150 47905
 47200 47955
 47250 47975
 47300 48029
 47350 48085
 47400 48159
 47450 48238
 47500 48273
 47550 48264
 47600 48391
 47650 48376
 47700 48519
 47750 48542
 47800 48581
 47850 48607
 47900 48682
 47950 48691
 48000 48792
 48050 48770
 48100 48896
 48150 48956
 48200 48995
 48250 49030
 48300 49115
 48350 49152
 48400 49196
 48450 49275
 48500 49256
 48550 49314
 48600 49380
 48650 49463
 48700 49466
 48750 49558
 48800 49616
 48850 49645
 48900 49682
 48950 49750
 49000 49785
 49050 49853
 49100 49846
 49150 49978
 49200 49982
 49250 50030
 49300 50077
 49350 50190
 49400 50278
 49450 50270
 49500 50296
 49550 50327
 49600 50455
 49650 50492
 49700 50482
 49750 50584
 49800 50617
 49850 50653
 49900 50684
 49950 50729
 50000 50787
 50050 50886
 50100 50903
 50150 50907
 50200 51000
 50250 51045
 50300 51090
 50350 51120
 50400 51226
 50450 51289
 50500 51322
 50550 51346
 50600 51416
 50650 51453
 50700 51524
 50750 51529
 50800 51683
 50850 51715
 50900 51755
 50950 51761
 51000 51831
 51050 51817
 51100 51927
 51150 51920
 51200 51963
 51250 52038
 51300 52124
 51350 52184
 51400 52272
 51450 52287
 51500 52343
 51550 52343
 51600 52465
 51650 52475
 51700 52566
 51750 52592
 51800 52624
 51850 52655
 51900 52727
 51950 52774
 52000 52878
 52050 52853
 52100 52979
 52150 52976
 52200 53062
 52250 53072
 52300 53141
 52350 53231
 52400 53226
 52450 53293
 52500 53331
 52550 53415
 52600 53422
 52650 53493
 52700 53589
 52750 53628
 52800 53703
 52850 53693
 52900 53801
 52950 53835
 53000 53815
 53050 53963
 53100 53952
 53150 53958
 53200 54054
 53250 54077
 53300 54187
 53350 54219
 53400 54298
 53450 54298
 53500 54383
 53550 54426
 53600 54484
 53650 54591
 53700 54572
 53750 54620
 53800 54672
 53850 54704
 53900 54777
 53950 54850
 54000 54924
 54050 54922
 54100 54986
 54150 55044
 54200 55057
 54250 55137
 54300 55145
 54350 55246
 54400 55352
 54450 55328
 54500 55365
 54550 55466
 54600 55467
 54650 55489
 54700 55600
 54750 55635
 54800 55660
 54850 55763
 54900 55820
 54950 55914
 55000 55879
 55050 55937
 55100 56001
 55150 56019
 55200 56105
 55250 56103
 55300 56191
 55350 56288
 55400 56255
 55450 56346
 55500 56387
 55550 56451
 55600 56512
 55650 56548
 55700 56662
 55750 56633
 55800 56755
 55850 56755
 55900 56817
 55950 56820
 56000 56929
 56050 56968
 56100 56979
 56150 57050
 56200 57093
 56250 57210
 56300 57171
 56350 57256
 56400 57300
 56450 57379
 56500 57427
 56550 57447
 56600 57479
 56650 57584
 56700 57606
 56750 57620
 56800 57735
 56850 57802
 56900 57819
 56950 57870
 57000 57959
 57050 57979
 57100 58051
 57150 58126
 57200 58079
 57250 58162
 57300 58229
 57350 58275
 57400 58378
 57450 58369
 57500 58375
 57550 58482
 57600 58526
 57650 58597
 57700 58590
 57750 58724
 57800 58740
 57850 58736
 57900 58791
 57950 58860
 58000 58947
 58050 58919
 58100 59011
 58150 59059
 58200 59166
 58250 59217
 58300 59199
 58350 59323
 58400 59374
 58450 59437
 58500 59448
 58550 59537
 58600 59610
 58650 59584
 58700 59697
 58750 59681
 58800 59762
 58850 59765
 58900 59860
 58950 59923
 59000 59935
 59050 60015
 59100 60028
 59150 60115
 59200 60162
 59250 60190
 59300 60267
 59350 60258
 59400 60407
 59450 60388
 59500 60479
 59550 60470
 59600 60567
 59650 60591
 59700 60615
 59750 60738
 59800 60756
 59850 60826
 59900 60884
 59950 60968
 60000 60964
 60050 61036
 60100 61092
 60150 61184
 60200 61170
 60250 61242
 60300 61278
 60350 61242
 60400 61388
 60450 61432
 60500 61488
 60550 61585
 60600 61594
 60650 61617
 60700 61716
 60750 61756
 60800 61795
 60850 61816
 60900 61849
 60950 61942
 61000 61985
 61050 62056
 61100 62092
 61150 62156
 61200 62226
 61250 62226
 61300 62318
 61350 62380
 61400 62362
 61450 62433
 61500 62557
 61550 62567
 61600 62563
 61650 62675
 61700 62659
 61750 62732
 61800 62778
 61850 62873
 61900 62917
 61950 62932
 62000 63053
 62050 63049
 62100 63132
 62150 63197
 62200 63195
 62250 63224
 62300 63326
 62350 63408
 62400 63423
 62450 63480
 62500 63453
 62550 63570
 62600 63657
 62650 63686
 62700 63726
 62750 63734
 62800 63854
 62850 63938
 62900 63908
 62950 63947
 63000 64016
 63050 64047
 63100 64125
 63150 64161
 63200 64203
 63250 64226
 63300 64319
 63350 64430
 63400 64408
 63450 64548
 63500 64522
 63550 64607
 63600 64604
 63650 64716
 63700 64696
 63750 64794
 63800 64868
 63850 64934
 63900 64922
 63950 64969
 64000 65033
 64050 65151
 64100 65096
 64150 65199
 64200 65242
 64250 65281
 64300 65343
 64350 65460
 64400 65426
 64450 65558
 64500 65595
 64550 65618
 64600 65623
 64650 65737
 64700 65787
 64750 65790
 64800 65807
 64850 65886
 64900 65927
 64950 65999
 65000 66047
 65050 66070
 65100 66128
 65150 66227
 65200 66266
 65250 66282
 65300 66341
 65350 66448
 65400 66446
 65450 66551
 65500 66542
 65550 66615
 65600 66690
 65650 66794
 65700 66805
 65750 66872
 65800 66866
 65850 66957
 65900 67019
 65950 67023
 66000 67069
 66050 67147
 66100 67242
 66150 67168
 66200 67297
 66250 67276
 66300 67392
 66350 67417
 66400 67488
 66450 67545
 66500 67597
 66550 67604
 66600 67705
 66650 67768
 66700 67749
 66750 67836
 66800 67899
 66850 67851
 66900 68004
 66950 68026
 67000 68080
 67050 68145
 67100 68214
 67150 68232
 67200 68281
 67250 68383
 67300 68372
 67350 68390
 67400 68459
 67450 68525
 67500 68604
 67550 68638
 67600 68713
 67650 68686
 67700 68782
 67750 68825
 67800 68826
 67850 68914
 67900 68986
 67950 69109
 68000 69099
 68050 69143
 68100 69226
 68150 69225
 68200 69312
 68250 69373
 68300 69451
 68350 69516
 68400 69516
 68450 69557
 68500 69605
 68550 69624
 68600 69705
 68650 69782
 68700 69828
 68750 69839
 68800 69935
 68850 69999
 68900 70026
 68950 70081
 69000 70098
 69050 70155
 69100 70211
 69150 70241
 69200 70299
 69250 70386
 69300 70445
 69350 70425
 69400 70480
 69450 70609
 69500 70607
 69550 70719
 69600 70686
 69650 70794
 69700 70967
 69750 70884
 69800 70943
 69850 71027
 69900 71072
 69950 71057
 70000 71180
 70050 71161
 70100 71237
 70150 71310
 70200 71331
 70250 71384
 70300 71488
 70350 71536
 70400 71533
 70450 71646
 70500 71586
 70550 71729
 70600 71762
 70650 71850
 70700 71850
 70750 71888
 70800 72015
 70850 72031
 70900 72022
 70950 72075
 71000 72158
 71050 72263
 71100 72313
 71150 72261
 71200 72408
 71250 72446
 71300 72511
 71350 72518
 71400 72585
 71450 72571
 71500 72647
 71550 72726
 71600 72742
 71650 72818
 71700 72828
 71750 72853
 71800 72963
 71850 73025
 71900 73060
 71950 73122
 72000 73154
 72050 73286
 72100 73273
 72150 73279
 72200 73339
 72250 73419
 72300 73480
 72350 73597
 72400 73580
 72450 73651
 72500 73694
 72550 73714
 72600 73847
 72650 73819
 72700 73875
 72750 73907
 72800 73951
 72850 74018
 72900 74092
 72950 74074
 73000 74122
 73050 74270
 73100 74281
 73150 74280
 73200 74389
 73250 74484
 73300 74480
 73350 74635
 73400 74612
 73450 74689
 73500 74730
 73550 74765
 73600 74797
 73650 74842
 73700 74901
 73750 74903
 73800 75033
 73850 75065
 73900 75088
 73950 75185
 74000 75237
 74050 75262
 74100 75313
 74150 75388
 74200 75457
 74250 75540
 74300 75494
 74350 75609
 74400 75601
 74450 75615
 74500 75746
 74550 75752
 74600 75785
 74650 75892
 74700 75856
 74750 76002
 74800 75998
 74850 76070
 74900 76110
 74950 76157
 75000 76124
 75050 76256
 75100 76278
 75150 76352
 75200 76449
 75250 76552
 75300 76549
 75350 76581
 75400 76633
 75450 76726
 75500 76770
 75550 76795
 75600 76821
 75650 76903
 75700 76963
 75750 76923
 75800 76959
 75850 77092
 75900 77118
 75950 77182
 76000 77201
 76050 77248
 76100 77356
 76150 77330
 76200 77346
 76250 77495
 76300 77563
 76350 77593
 76400 77641
 76450 77716
 76500 77779
 76550 77806
 76600 77780
 76650 77956
 76700 77954
 76750 77994
 76800 78053
 76850 78087
 76900 78144
 76950 78183
 77000 78248
 77050 78380
 77100 78291
 77150 78416
 77200 78474
 77250 78544
 77300 78593
 77350 78597
 77400 78622
 77450 78688
 77500 78764
 77550 78877
 77600 78866
 77650 78904
 77700 78964
 77750 79050
 77800 79112
 77850 79170
 77900 79122
 77950 79236
 78000 79288
 78050 79319
 78100 79449
 78150 79415
 78200 79429
 78250 79557
 78300 79621
 78350 79629
 78400 79669
 78450 79716
 78500 79752
 78550 79885
 78600 79801
 78650 79930
 78700 79962
 78750 80054
 78800 80127
 78850 80177
 78900 80211
 78950 80251
 79000 80350
 79050 80439
 79100 80399
 79150 80403
 79200 80448
 79250 80440
 79300 80620
 79350 80708
 79400 80728
 79450 80722
 79500 80763
 79550 80844
 79600 80907
 79650 80912
 79700 81043
 79750 81019
 79800 81135
 79850 81180
 79900 81177
 79950 81231
 80000 81279
 80050 81295
 80100 81425
 80150 81435
 80200 81466
 80250 81598
 80300 81576
 80350 81719
 80400 81700
 80450 81677
 80500 81769
 80550 81864
 80600 81926
 80650 81980
 80700 82020
 80750 82009
 80800 82064
 80850 82193
 80900 82219
 80950 82191
 81000 82328
 81050 82424
 81100 82471
 81150 82425
 81200 82542
 81250 82562
 81300 82608
 81350 82693
 81400 82711
 81450 82782
 81500 82769
 81550 82835
 81600 82968
 81650 83012
 81700 82964
 81750 83113
 81800 83141
 81850 83179
 81900 83217
 81950 83284
 82000 83316
 82050 83367
 82100 83409
 82150 83472
 82200 83547
 82250 83555
 82300 83626
 82350 83735
 82400 83795
 82450 83776
 82500 83860
 82550 83872
 82600 83918
 82650 84049
 82700 84045
 82750 84046
 82800 84095
 82850 84259
 82900 84245
 82950 84355
 83000 84359
 83050 84389
 83100 84431
 83150 84439
 83200 84607
 83250 84644
 83300 84642
 83350 84731
 83400 84772
 83450 84771
 83500 84773
 83550 84871
 83600 84925
 83650 85019
 83700 85035
 83750 85162
 83800 85176
 83850 85226
 83900 85334
 83950 85321
 84000 85319
 84050 85441
 84100 85557
 84150 85491
 84200 85580
 84250 85620
 84300 85711
 84350 85757
 84400 85824
 84450 85803
 84500 85845
 84550 85907
 84600 86054
 84650 85984
 84700 86103
 84750 86109
 84800 86167
 84850 86172
 84900 86300
 84950 86344
 85000 86387
 85050 86451
 85100 86537
 85150 86538
 85200 86548
 85250 86618
 85300 86611
 85350 86725
 85400 86833
 85450 86799
 85500 86899
 85550 86983
 85600 87032
 85650 87060
 85700 87118
 85750 87146
 85800 87189
 85850 87277
 85900 87350
 85950 87369
 86000 87402
 86050 87504
 86100 87526
 86150 87588
 86200 87647
 86250 87615
 86300 87754
 86350 87750
 86400 87782
 86450 87851
 86500 87980
 86550 87950
 86600 87944
 86650 88078
 86700 88117
 86750 88278
 86800 88252
 86850 88185
 86900 88345
 86950 88314
 87000 88412
 87050 88446
 87100 88530
 87150 88468
 87200 88666
 87250 88651
 87300 88733
 87350 88781
 87400 88784
 87450 88905
 87500 88991
 87550 88972
 87600 88950
 87650 89088
 87700 89132
 87750 89196
 87800 89207
 87850 89253
 87900 89338
 87950 89393
 88000 89469
 88050 89475
 88100 89614
 88150 89522
 88200 89525
 88250 89703
 88300 89772
 88350 89735
 88400 89782
 88450 89815
 88500 89939
 88550 89998
 88600 89971
 88650 90111
 88700 90151
 88750 90163
 88800 90229
 88850 90279
 88900 90362
 88950 90397
 89000 90483
 89050 90472
 89100 90528
 89150 90620
 89200 90727
 89250 90741
 89300 90751
 89350 90794
 89400 90879
 89450 90903
 89500 91020
 89550 91014
 89600 91153
 89650 91169
 89700 91218
 89750 91192
 89800 91255
 89850 91326
 89900 91427
 89950 91329
 90000 91415
 90050 91475
 90100 91548
 90150 91584
 90200 91680
 90250 91745
 90300 91725
 90350 91822
 90400 91911
 90450 91863
 90500 91969
 90550 92069
 90600 92070
 90650 92069
 90700 92228
 90750 92202
 90800 92240
 90850 92443
 90900 92371
 90950 92377
 91000 92504
 91050 92492
 91100 92604
 91150 92709
 91200 92670
 91250 92744
 91300 92728
 91350 92863
 91400 92891
 91450 92995
 91500 92935
 91550 93069
 91600 93155
 91650 93156
 91700 93218
 91750 93261
 91800 93295
 91850 93407
 91900 93407
 91950 93460
 92000 93514
 92050 93552
 92100 93608
 92150 93636
 92200 93699
 92250 93780
 92300 93799
 92350 93873
 92400 93886
 92450 93916
 92500 94017
 92550 94013
 92600 94069
 92650 94102
 92700 94201
 92750 94272
 92800 94291
 92850 94358
 92900 94440
 92950 94429
 93000 94569
 93050 94578
 93100 94627
 93150 94619
 93200 94729
 93250 94775
 93300 94906
 93350 94864
 93400 94950
 93450 94984
 93500 95023
 93550 95100
 93600 95169
 93650 95191
 93700 95168
 93750 95268
 93800 95341
 93850 95365
 93900 95483
 93950 95468
 94000 95560
 94050 95536
 94100 95608
 94150 95722
 94200 95778
 94250 95751
 94300 95810
 94350 95894
 94400 95916
 94450 96040
 94500 96099
 94550 96126
 94600 96163
 94650 96181
 94700 96170
 94750 96261
 94800 96393
 94850 96388
 94900 96518
 94950 96506
 95000 96504
 95050 96663
 95100 96639
 95150 96701
 95200 96792
 95250 96772
 95300 96874
 95350 96894
 95400 96935
 95450 96969
 95500 97101
 95550 97143
 95600 97215
 95650 97230
 95700 97325
 95750 97336
 95800 97346
 95850 97359
 95900 97436
 95950 97502
 96000 97533
 96050 97574
 96100 97689
 96150 97763
 96200 97786
 96250 97892
 96300 97895
 96350 97908
 96400 97902
 96450 97999
 96500 98040
 96550 98098
 96600 98077
 96650 98279
 96700 98281
 96750 98313
 96800 98385
 96850 98397
 96900 98443
 96950 98466
 97000 98522
 97050 98667
 97100 98672
 97150 98726
 97200 98848
 97250 98798
 97300 98914
 97350 98892
 97400 98948
 97450 99052
 97500 99061
 97550 99107
 97600 99255
 97650 99195
 97700 99286
 97750 99386
 97800 99403
 97850 99426
 97900 99516
 97950 99490
 98000 99518
 98050 99700
 98100 99665
 98150 99759
 98200 99840
 98250 99820
 98300 99888
 98350 99969
 98400 100015
 98450 100096
 98500 100139
 98550 100127
 98600 100264
 98650 100209
 98700 100314
 98750 100333
 98800 100492
 98850 100443
 98900 100536
 98950 100624
 99000 100687
 99050 100669
 99100 100699
 99150 100775
 99200 100786
 99250 100879
 99300 100904
 99350 101005
 99400 101030
 99450 101024
 99500 101117
 99550 101136
 99600 101161
 99650 101268
 99700 101354
 99750 101414
 99800 101496
 99850 101542
 99900 101564
 99950 101549
100000 101592
